NO,Kode_wilayah,Kecamatan,Jumlah,Tahun
1,520201,Praya,47,2024
2,520202,Jonggat,32,2024
3,520203,Batukliang,25,2024
4,520204,Pujut,68,2024
5,520205,Praya Barat,31,2024
6,520206,Praya Timur,23,2024
7,520207,Janapria,24,2024
8,520208,Pringgarata,23,2024
9,520209,Kopang,23,2024
10,520210,Praya Tengah,20,2024
11,520211,Praya Barat Daya,15,2024
12,520212,Batukliang Utara,13,2024
13,520201,Praya,44,2023
14,520202,Jonggat,31,2023
15,520203,Batukliang,25,2023
16,520204,Pujut,63,2023
17,520205,Praya Barat,31,2023
18,520206,Praya Timur,20,2023
19,520207,Janapria,24,2023
20,520208,Pringgarata,23,2023
21,520209,Kopang,23,2023
22,520210,Praya Tengah,20,2023
23,520211,Praya Barat Daya,15,2023
24,520212,Batukliang Utara,11,2023
25,520201,Praya,44,2022
26,520202,Jonggat,31,2022
27,520203,Batukliang,25,2022
28,520204,Pujut,58,2022
29,520205,Praya Barat,31,2022
30,520206,Praya Timur,20,2022
31,520207,Janapria,24,2022
32,520208,Pringgarata,22,2022
33,520209,Kopang,23,2022
34,520210,Praya Tengah,20,2022
35,520211,Praya Barat Daya,15,2022
36,520212,Batukliang Utara,11,2022
37,520201,Praya,44,2021
38,520202,Jonggat,28,2021
39,520203,Batukliang,25,2021
40,520204,Pujut,52,2021
41,520205,Praya Barat,32,2021
42,520206,Praya Timur,18,2021
43,520207,Janapria,24,2021
44,520208,Pringgarata,21,2021
45,520209,Kopang,23,2021
46,520210,Praya Tengah,20,2021
47,520211,Praya Barat Daya,6,2021
48,520212,Batukliang Utara,8,2021
49,520201,Praya,40,2020
50,520202,Jonggat,22,2020
51,520203,Batukliang,17,2020
52,520204,Pujut,46,2020
53,520205,Praya Barat,27,2020
54,520206,Praya Timur,17,2020
55,520207,Janapria,21,2020
56,520208,Pringgarata,17,2020
57,520209,Kopang,19,2020
58,520210,Praya Tengah,15,2020
59,520211,Praya Barat Daya,8,2020
60,520212,Batukliang Utara,10,2020